#include<cstdio>
#define max(a,b) ((a)>(b)?(a):(b))
const int N=35;
int ans[N][N];
signed main()
{
	ans[1][1]=0;
	ans[1][2]=0;
	ans[1][3]=0;
	ans[1][4]=2;
	ans[1][5]=4;
	ans[1][6]=6;
	ans[1][7]=6;
	ans[1][8]=6;
	ans[1][9]=6;
	ans[1][10]=8;
	ans[1][11]=10;
	ans[1][12]=12;
	ans[1][13]=12;
	ans[1][14]=12;
	ans[1][15]=12;
	ans[1][16]=14;
	ans[1][17]=16;
	ans[1][18]=18;
	ans[1][19]=18;
	ans[1][20]=18;
	ans[1][21]=18;
	ans[1][22]=20;
	ans[1][23]=22;
	ans[1][24]=24;
	ans[1][25]=24;
	ans[1][26]=24;
	ans[1][27]=24;
	ans[1][28]=26;
	ans[1][29]=28;
	ans[1][30]=30;
	
	ans[2][1]=0;
	ans[2][2]=0;
	ans[2][3]=4;
	ans[2][4]=8;
	ans[2][5]=10;
	ans[2][6]=12;
	ans[2][7]=12;
	ans[2][8]=16;
	ans[2][9]=18;
	ans[2][10]=20;
	ans[2][11]=22;
	ans[2][12]=24;
	ans[2][13]=26;
	ans[2][14]=28;
	ans[2][15]=30;
	ans[2][16]=32;
	ans[2][17]=34;
	ans[2][18]=36;
	ans[2][19]=38;
	ans[2][20]=40;
	ans[2][21]=42;
	ans[2][22]=44;
	ans[2][23]=46;
	ans[2][24]=48;
	ans[2][25]=50;
	ans[2][26]=52;
	ans[2][27]=54;
	ans[2][28]=56;
	ans[2][29]=58;
	ans[2][30]=60;
	
	ans[3][1]=0;
	ans[3][2]=4;
	ans[3][3]=8;
	ans[3][4]=12;
	ans[3][5]=14;
	ans[3][6]=18;
	ans[3][7]=20;
	ans[3][8]=24;
	ans[3][9]=26;
	ans[3][10]=30;
	ans[3][11]=32;
	ans[3][12]=36;
	ans[3][13]=38;
	ans[3][14]=42;
	ans[3][15]=44;
	ans[3][16]=48;
	ans[3][17]=50;
	ans[3][18]=54;
	ans[3][19]=56;
	ans[3][20]=60;
	ans[3][21]=62;
	ans[3][22]=66;
	ans[3][23]=68;
	ans[3][24]=72;
	ans[3][25]=74;
	ans[3][26]=78;
	ans[3][27]=80;
	ans[3][28]=84;
	ans[3][29]=86;
	ans[3][30]=90;
	
	ans[4][1]=2;
	ans[4][2]=8;
	ans[4][3]=12;
	ans[4][4]=16;
	ans[4][5]=20;
	ans[4][6]=24;
	ans[4][7]=28;
	ans[4][8]=32;
	ans[4][9]=36;
	ans[4][10]=40;
	ans[4][11]=44;
	ans[4][12]=48;
	ans[4][13]=52;
	ans[4][14]=56;
	ans[4][15]=60;
	ans[4][16]=64;
	ans[4][17]=68;
	ans[4][18]=72;
	ans[4][19]=76;
	ans[4][20]=80;
	ans[4][21]=84;
	ans[4][22]=88;
	ans[4][23]=92;
	ans[4][24]=96;
	ans[4][25]=100;
	ans[4][26]=104;
	ans[4][27]=108;
	ans[4][28]=112;
	ans[4][29]=116;
	ans[4][30]=120;
	
	ans[5][1]=4;
	ans[5][2]=10;
	ans[5][3]=14;
	ans[5][4]=20;
	ans[5][5]=24;
	ans[5][6]=30;
	ans[5][7]=34;
	ans[5][8]=40;
	ans[5][9]=44;
	ans[5][10]=50;
	ans[5][11]=54;
	ans[5][12]=60;
	ans[5][13]=64;
	ans[5][14]=70;
	ans[5][15]=74;
	ans[5][16]=80;
	ans[5][17]=84;
	ans[5][18]=90;
	ans[5][19]=94;
	ans[5][20]=100;
	ans[5][21]=104;
	ans[5][22]=110;
	ans[5][23]=114;
	ans[5][24]=120;
	ans[5][25]=124;
	ans[5][26]=130;
	ans[5][27]=134;
	ans[5][28]=140;
	ans[5][29]=144;
	ans[5][30]=150;
	
	ans[6][1]=6;
	ans[6][2]=12;
	ans[6][3]=18;
	ans[6][4]=24;
	ans[6][5]=30;
	ans[6][6]=36;
	ans[6][7]=42;
	ans[6][8]=48;
	ans[6][9]=54;
	ans[6][10]=60;
	ans[6][11]=66;
	ans[6][12]=72;
	ans[6][13]=78;
	ans[6][14]=84;
	ans[6][15]=90;
	ans[6][16]=96;
	ans[6][17]=102;
	ans[6][18]=108;
	ans[6][19]=114;
	ans[6][20]=120;
	ans[6][21]=126;
	ans[6][22]=132;
	ans[6][23]=138;
	ans[6][24]=144;
	ans[6][25]=150;
	ans[6][26]=156;
	ans[6][27]=162;
	ans[6][28]=168;
	ans[6][29]=174;
	ans[6][30]=180;
	
	ans[7][1]=6;
	ans[7][2]=12;
	ans[7][3]=20;
	ans[7][4]=28;
	ans[7][5]=34;
	ans[7][6]=42;
	ans[7][7]=48;
	ans[7][8]=56;
	ans[7][9]=62;
	ans[7][10]=70;
	ans[7][11]=76;
	ans[7][12]=84;
	ans[7][13]=90;
	ans[7][14]=98;
	ans[7][15]=104;
	ans[7][16]=112;
	ans[7][17]=118;
	ans[7][18]=126;
	ans[7][19]=132;
	ans[7][20]=140;
	ans[7][21]=146;
	ans[7][22]=154;
	ans[7][23]=160;
	ans[7][24]=168;
	ans[7][25]=174;
	ans[7][26]=182;
	ans[7][27]=188;
	ans[7][28]=196;
	ans[7][29]=202;
	ans[7][30]=210;
	
	ans[8][1]=6;
	ans[8][2]=16;
	ans[8][3]=24;
	ans[8][4]=32;
	ans[8][5]=40;
	ans[8][6]=48;
	ans[8][7]=56;
	ans[8][8]=64;
	ans[8][9]=72;
	ans[8][10]=80;
	ans[8][11]=88;
	ans[8][12]=96;
	ans[8][13]=104;
	ans[8][14]=112;
	ans[8][15]=120;
	ans[8][16]=128;
	ans[8][17]=136;
	ans[8][18]=144;
	ans[8][19]=152;
	ans[8][20]=160;
	ans[8][21]=168;
	ans[8][22]=176;
	ans[8][23]=184;
	ans[8][24]=192;
	ans[8][25]=200;
	ans[8][26]=208;
	ans[8][27]=216;
	ans[8][28]=224;
	ans[8][29]=232;
	ans[8][30]=240;
	
	ans[9][1]=6;
	ans[9][2]=18;
	ans[9][3]=26;
	ans[9][4]=36;
	ans[9][5]=44;
	ans[9][6]=54;
	ans[9][7]=62;
	ans[9][8]=72;
	ans[9][9]=80;
	ans[9][10]=90;
	ans[9][11]=98;
	ans[9][12]=108;
	ans[9][13]=116;
	ans[9][14]=126;
	ans[9][15]=134;
	ans[9][16]=144;
	ans[9][17]=152;
	ans[9][18]=162;
	ans[9][19]=170;
	ans[9][20]=180;
	ans[9][21]=188;
	ans[9][22]=198;
	ans[9][23]=206;
	ans[9][24]=216;
	ans[9][25]=224;
	ans[9][26]=234;
	ans[9][27]=242;
	ans[9][28]=252;
	ans[9][29]=260;
	ans[9][30]=270;
	
	ans[10][1]=8;
	ans[10][2]=20;
	ans[10][3]=30;
	ans[10][4]=40;
	ans[10][5]=50;
	ans[10][6]=60;
	ans[10][7]=70;
	ans[10][8]=80;
	ans[10][9]=90;
	ans[10][10]=100;
	ans[10][11]=110;
	ans[10][12]=120;
	ans[10][13]=130;
	ans[10][14]=140;
	ans[10][15]=150;
	ans[10][16]=160;
	ans[10][17]=170;
	ans[10][18]=180;
	ans[10][19]=190;
	ans[10][20]=200;
	ans[10][21]=210;
	ans[10][22]=220;
	ans[10][23]=230;
	ans[10][24]=240;
	ans[10][25]=250;
	ans[10][26]=260;
	ans[10][27]=270;
	ans[10][28]=280;
	ans[10][29]=290;
	ans[10][30]=300;
	
	ans[11][1]=10;
	ans[11][2]=22;
	ans[11][3]=32;
	ans[11][4]=44;
	ans[11][5]=54;
	ans[11][6]=66;
	ans[11][7]=76;
	ans[11][8]=88;
	ans[11][9]=98;
	ans[11][10]=110;
	ans[11][11]=120;
	ans[11][12]=132;
	ans[11][13]=142;
	ans[11][14]=154;
	ans[11][15]=164;
	ans[11][16]=176;
	ans[11][17]=186;
	ans[11][18]=198;
	ans[11][19]=208;
	ans[11][20]=220;
	ans[11][21]=230;
	ans[11][22]=242;
	ans[11][23]=252;
	ans[11][24]=264;
	ans[11][25]=274;
	ans[11][26]=286;
	ans[11][27]=296;
	ans[11][28]=308;
	ans[11][29]=318;
	ans[11][30]=330;
	
	ans[12][1]=12;
	ans[12][2]=24;
	ans[12][3]=36;
	ans[12][4]=48;
	ans[12][5]=60;
	ans[12][6]=72;
	ans[12][7]=84;
	ans[12][8]=96;
	ans[12][9]=108;
	ans[12][10]=120;
	ans[12][11]=132;
	ans[12][12]=144;
	ans[12][13]=156;
	ans[12][14]=168;
	ans[12][15]=180;
	ans[12][16]=192;
	ans[12][17]=204;
	ans[12][18]=216;
	ans[12][19]=228;
	ans[12][20]=240;
	ans[12][21]=252;
	ans[12][22]=264;
	ans[12][23]=276;
	ans[12][24]=288;
	ans[12][25]=300;
	ans[12][26]=312;
	ans[12][27]=324;
	ans[12][28]=336;
	ans[12][29]=348;
	ans[12][30]=360;
	
	ans[13][1]=12;
	ans[13][2]=26;
	ans[13][3]=38;
	ans[13][4]=52;
	ans[13][5]=64;
	ans[13][6]=78;
	ans[13][7]=90;
	ans[13][8]=104;
	ans[13][9]=116;
	ans[13][10]=130;
	ans[13][11]=142;
	ans[13][12]=156;
	ans[13][13]=168;
	ans[13][14]=182;
	ans[13][15]=194;
	ans[13][16]=208;
	ans[13][17]=220;
	ans[13][18]=234;
	ans[13][19]=246;
	ans[13][20]=260;
	ans[13][21]=272;
	ans[13][22]=286;
	ans[13][23]=298;
	ans[13][24]=312;
	ans[13][25]=324;
	ans[13][26]=338;
	ans[13][27]=350;
	ans[13][28]=364;
	ans[13][29]=376;
	ans[13][30]=390;
	
	ans[14][1]=12;
	ans[14][2]=28;
	ans[14][3]=42;
	ans[14][4]=56;
	ans[14][5]=70;
	ans[14][6]=84;
	ans[14][7]=98;
	ans[14][8]=112;
	ans[14][9]=126;
	ans[14][10]=140;
	ans[14][11]=154;
	ans[14][12]=168;
	ans[14][13]=182;
	ans[14][14]=196;
	ans[14][15]=210;
	ans[14][16]=224;
	ans[14][17]=238;
	ans[14][18]=252;
	ans[14][19]=266;
	ans[14][20]=280;
	ans[14][21]=294;
	ans[14][22]=308;
	ans[14][23]=322;
	ans[14][24]=336;
	ans[14][25]=350;
	ans[14][26]=364;
	ans[14][27]=378;
	ans[14][28]=392;
	ans[14][29]=406;
	ans[14][30]=420;
	
	ans[15][1]=12;
	ans[15][2]=30;
	ans[15][3]=44;
	ans[15][4]=60;
	ans[15][5]=74;
	ans[15][6]=90;
	ans[15][7]=104;
	ans[15][8]=120;
	ans[15][9]=134;
	ans[15][10]=150;
	ans[15][11]=164;
	ans[15][12]=180;
	ans[15][13]=194;
	ans[15][14]=210;
	ans[15][15]=224;
	ans[15][16]=240;
	ans[15][17]=254;
	ans[15][18]=270;
	ans[15][19]=284;
	ans[15][20]=300;
	ans[15][21]=314;
	ans[15][22]=330;
	ans[15][23]=344;
	ans[15][24]=360;
	ans[15][25]=374;
	ans[15][26]=390;
	ans[15][27]=404;
	ans[15][28]=420;
	ans[15][29]=434;
	ans[15][30]=450;
	
	ans[16][1]=14;
	ans[16][2]=32;
	ans[16][3]=48;
	ans[16][4]=64;
	ans[16][5]=80;
	ans[16][6]=96;
	ans[16][7]=112;
	ans[16][8]=128;
	ans[16][9]=144;
	ans[16][10]=160;
	ans[16][11]=176;
	ans[16][12]=192;
	ans[16][13]=208;
	ans[16][14]=224;
	ans[16][15]=240;
	ans[16][16]=256;
	ans[16][17]=272;
	ans[16][18]=288;
	ans[16][19]=304;
	ans[16][20]=320;
	ans[16][21]=336;
	ans[16][22]=352;
	ans[16][23]=368;
	ans[16][24]=384;
	ans[16][25]=400;
	ans[16][26]=416;
	ans[16][27]=432;
	ans[16][28]=448;
	ans[16][29]=464;
	ans[16][30]=480;
	
	ans[17][1]=16;
	ans[17][2]=34;
	ans[17][3]=50;
	ans[17][4]=68;
	ans[17][5]=84;
	ans[17][6]=102;
	ans[17][7]=118;
	ans[17][8]=136;
	ans[17][9]=152;
	ans[17][10]=170;
	ans[17][11]=186;
	ans[17][12]=204;
	ans[17][13]=220;
	ans[17][14]=238;
	ans[17][15]=254;
	ans[17][16]=272;
	ans[17][17]=288;
	ans[17][18]=306;
	ans[17][19]=322;
	ans[17][20]=340;
	ans[17][21]=356;
	ans[17][22]=374;
	ans[17][23]=390;
	ans[17][24]=408;
	ans[17][25]=424;
	ans[17][26]=442;
	ans[17][27]=458;
	ans[17][28]=476;
	ans[17][29]=492;
	ans[17][30]=510;
	
	ans[18][1]=18;
	ans[18][2]=36;
	ans[18][3]=54;
	ans[18][4]=72;
	ans[18][5]=90;
	ans[18][6]=108;
	ans[18][7]=126;
	ans[18][8]=144;
	ans[18][9]=162;
	ans[18][10]=180;
	ans[18][11]=198;
	ans[18][12]=216;
	ans[18][13]=234;
	ans[18][14]=252;
	ans[18][15]=270;
	ans[18][16]=288;
	ans[18][17]=306;
	ans[18][18]=324;
	ans[18][19]=342;
	ans[18][20]=360;
	ans[18][21]=378;
	ans[18][22]=396;
	ans[18][23]=414;
	ans[18][24]=432;
	ans[18][25]=450;
	ans[18][26]=468;
	ans[18][27]=486;
	ans[18][28]=504;
	ans[18][29]=522;
	ans[18][30]=540;
	
	ans[19][1]=18;
	ans[19][2]=38;
	ans[19][3]=56;
	ans[19][4]=76;
	ans[19][5]=94;
	ans[19][6]=114;
	ans[19][7]=132;
	ans[19][8]=152;
	ans[19][9]=170;
	ans[19][10]=190;
	ans[19][11]=208;
	ans[19][12]=228;
	ans[19][13]=246;
	ans[19][14]=266;
	ans[19][15]=284;
	ans[19][16]=304;
	ans[19][17]=322;
	ans[19][18]=342;
	ans[19][19]=360;
	ans[19][20]=380;
	ans[19][21]=398;
	ans[19][22]=418;
	ans[19][23]=436;
	ans[19][24]=456;
	ans[19][25]=474;
	ans[19][26]=494;
	ans[19][27]=512;
	ans[19][28]=532;
	ans[19][29]=550;
	ans[19][30]=570;
	
	ans[20][1]=18;
	ans[20][2]=40;
	ans[20][3]=60;
	ans[20][4]=80;
	ans[20][5]=100;
	ans[20][6]=120;
	ans[20][7]=140;
	ans[20][8]=160;
	ans[20][9]=180;
	ans[20][10]=200;
	ans[20][11]=220;
	ans[20][12]=240;
	ans[20][13]=260;
	ans[20][14]=280;
	ans[20][15]=300;
	ans[20][16]=320;
	ans[20][17]=340;
	ans[20][18]=360;
	ans[20][19]=380;
	ans[20][20]=400;
	ans[20][21]=420;
	ans[20][22]=440;
	ans[20][23]=460;
	ans[20][24]=480;
	ans[20][25]=500;
	ans[20][26]=520;
	ans[20][27]=540;
	ans[20][28]=560;
	ans[20][29]=580;
	ans[20][30]=600;
	
	ans[21][1]=18;
	ans[21][2]=42;
	ans[21][3]=62;
	ans[21][4]=84;
	ans[21][5]=104;
	ans[21][6]=126;
	ans[21][7]=146;
	ans[21][8]=168;
	ans[21][9]=188;
	ans[21][10]=210;
	ans[21][11]=230;
	ans[21][12]=252;
	ans[21][13]=272;
	ans[21][14]=294;
	ans[21][15]=314;
	ans[21][16]=336;
	ans[21][17]=356;
	ans[21][18]=378;
	ans[21][19]=398;
	ans[21][20]=420;
	ans[21][21]=440;
	ans[21][22]=462;
	ans[21][23]=482;
	ans[21][24]=504;
	ans[21][25]=524;
	ans[21][26]=546;
	ans[21][27]=566;
	ans[21][28]=588;
	ans[21][29]=608;
	ans[21][30]=630;
	
	ans[22][1]=20;
	ans[22][2]=44;
	ans[22][3]=66;
	ans[22][4]=88;
	ans[22][5]=110;
	ans[22][6]=132;
	ans[22][7]=154;
	ans[22][8]=176;
	ans[22][9]=198;
	ans[22][10]=220;
	ans[22][11]=242;
	ans[22][12]=264;
	ans[22][13]=286;
	ans[22][14]=308;
	ans[22][15]=330;
	ans[22][16]=352;
	ans[22][17]=374;
	ans[22][18]=396;
	ans[22][19]=418;
	ans[22][20]=440;
	ans[22][21]=462;
	ans[22][22]=484;
	ans[22][23]=506;
	ans[22][24]=528;
	ans[22][25]=550;
	ans[22][26]=572;
	ans[22][27]=594;
	ans[22][28]=616;
	ans[22][29]=638;
	ans[22][30]=660;
	
	ans[23][1]=22;
	ans[23][2]=46;
	ans[23][3]=68;
	ans[23][4]=92;
	ans[23][5]=114;
	ans[23][6]=138;
	ans[23][7]=160;
	ans[23][8]=184;
	ans[23][9]=206;
	ans[23][10]=230;
	ans[23][11]=252;
	ans[23][12]=276;
	ans[23][13]=298;
	ans[23][14]=322;
	ans[23][15]=344;
	ans[23][16]=368;
	ans[23][17]=390;
	ans[23][18]=414;
	ans[23][19]=436;
	ans[23][20]=460;
	ans[23][21]=482;
	ans[23][22]=506;
	ans[23][23]=528;
	ans[23][24]=552;
	ans[23][25]=574;
	ans[23][26]=598;
	ans[23][27]=620;
	ans[23][28]=644;
	ans[23][29]=666;
	ans[23][30]=690;
	
	ans[24][1]=24;
	ans[24][2]=48;
	ans[24][3]=72;
	ans[24][4]=96;
	ans[24][5]=120;
	ans[24][6]=144;
	ans[24][7]=168;
	ans[24][8]=192;
	ans[24][9]=216;
	ans[24][10]=240;
	ans[24][11]=264;
	ans[24][12]=288;
	ans[24][13]=312;
	ans[24][14]=336;
	ans[24][15]=360;
	ans[24][16]=384;
	ans[24][17]=408;
	ans[24][18]=432;
	ans[24][19]=456;
	ans[24][20]=480;
	ans[24][21]=504;
	ans[24][22]=528;
	ans[24][23]=552;
	ans[24][24]=576;
	ans[24][25]=600;
	ans[24][26]=624;
	ans[24][27]=648;
	ans[24][28]=672;
	ans[24][29]=696;
	ans[24][30]=720;
	
	ans[25][1]=24;
	ans[25][2]=50;
	ans[25][3]=74;
	ans[25][4]=100;
	ans[25][5]=124;
	ans[25][6]=150;
	ans[25][7]=174;
	ans[25][8]=200;
	ans[25][9]=224;
	ans[25][10]=250;
	ans[25][11]=274;
	ans[25][12]=300;
	ans[25][13]=324;
	ans[25][14]=350;
	ans[25][15]=374;
	ans[25][16]=400;
	ans[25][17]=424;
	ans[25][18]=450;
	ans[25][19]=474;
	ans[25][20]=500;
	ans[25][21]=524;
	ans[25][22]=550;
	ans[25][23]=574;
	ans[25][24]=600;
	ans[25][25]=624;
	ans[25][26]=650;
	ans[25][27]=674;
	ans[25][28]=700;
	ans[25][29]=724;
	ans[25][30]=750;
	
	ans[26][1]=24;
	ans[26][2]=52;
	ans[26][3]=78;
	ans[26][4]=104;
	ans[26][5]=130;
	ans[26][6]=156;
	ans[26][7]=182;
	ans[26][8]=208;
	ans[26][9]=234;
	ans[26][10]=260;
	ans[26][11]=286;
	ans[26][12]=312;
	ans[26][13]=338;
	ans[26][14]=364;
	ans[26][15]=390;
	ans[26][16]=416;
	ans[26][17]=442;
	ans[26][18]=468;
	ans[26][19]=494;
	ans[26][20]=520;
	ans[26][21]=546;
	ans[26][22]=572;
	ans[26][23]=598;
	ans[26][24]=624;
	ans[26][25]=650;
	ans[26][26]=676;
	ans[26][27]=702;
	ans[26][28]=728;
	ans[26][29]=754;
	ans[26][30]=780;
	
	ans[27][1]=24;
	ans[27][2]=54;
	ans[27][3]=80;
	ans[27][4]=108;
	ans[27][5]=134;
	ans[27][6]=162;
	ans[27][7]=188;
	ans[27][8]=216;
	ans[27][9]=242;
	ans[27][10]=270;
	ans[27][11]=296;
	ans[27][12]=324;
	ans[27][13]=350;
	ans[27][14]=378;
	ans[27][15]=404;
	ans[27][16]=432;
	ans[27][17]=458;
	ans[27][18]=486;
	ans[27][19]=512;
	ans[27][20]=540;
	ans[27][21]=566;
	ans[27][22]=594;
	ans[27][23]=620;
	ans[27][24]=648;
	ans[27][25]=674;
	ans[27][26]=702;
	ans[27][27]=728;
	ans[27][28]=756;
	ans[27][29]=782;
	ans[27][30]=810;
	
	ans[28][1]=26;
	ans[28][2]=56;
	ans[28][3]=84;
	ans[28][4]=112;
	ans[28][5]=140;
	ans[28][6]=168;
	ans[28][7]=196;
	ans[28][8]=224;
	ans[28][9]=252;
	ans[28][10]=280;
	ans[28][11]=308;
	ans[28][12]=336;
	ans[28][13]=364;
	ans[28][14]=392;
	ans[28][15]=420;
	ans[28][16]=448;
	ans[28][17]=476;
	ans[28][18]=504;
	ans[28][19]=532;
	ans[28][20]=560;
	ans[28][21]=588;
	ans[28][22]=616;
	ans[28][23]=644;
	ans[28][24]=672;
	ans[28][25]=700;
	ans[28][26]=728;
	ans[28][27]=756;
	ans[28][28]=784;
	ans[28][29]=812;
	ans[28][30]=840;
	
	ans[29][1]=28;
	ans[29][2]=58;
	ans[29][3]=86;
	ans[29][4]=116;
	ans[29][5]=144;
	ans[29][6]=174;
	ans[29][7]=202;
	ans[29][8]=232;
	ans[29][9]=260;
	ans[29][10]=290;
	ans[29][11]=318;
	ans[29][12]=348;
	ans[29][13]=376;
	ans[29][14]=406;
	ans[29][15]=434;
	ans[29][16]=464;
	ans[29][17]=492;
	ans[29][18]=522;
	ans[29][19]=550;
	ans[29][20]=580;
	ans[29][21]=608;
	ans[29][22]=638;
	ans[29][23]=666;
	ans[29][24]=696;
	ans[29][25]=724;
	ans[29][26]=754;
	ans[29][27]=782;
	ans[29][28]=812;
	ans[29][29]=840;
	ans[29][30]=870;
	
	ans[30][1]=30;
	ans[30][2]=60;
	ans[30][3]=90;
	ans[30][4]=120;
	ans[30][5]=150;
	ans[30][6]=180;
	ans[30][7]=210;
	ans[30][8]=240;
	ans[30][9]=270;
	ans[30][10]=300;
	ans[30][11]=330;
	ans[30][12]=360;
	ans[30][13]=390;
	ans[30][14]=420;
	ans[30][15]=450;
	ans[30][16]=480;
	ans[30][17]=510;
	ans[30][18]=540;
	ans[30][19]=570;
	ans[30][20]=600;
	ans[30][21]=630;
	ans[30][22]=660;
	ans[30][23]=690;
	ans[30][24]=720;
	ans[30][25]=750;
	ans[30][26]=780;
	ans[30][27]=810;
	ans[30][28]=840;
	ans[30][29]=870;
	ans[30][30]=900;
	long long n,m;
	scanf("%lld%lld",&n,&m);
	if(n<=30&&m<=30)
		printf("%d\n",ans[n][m]);
	else if(n==1||m==1)
		printf("%lld\n",(n*m)/6*6+2*max(m%6-3,0));
	else
		printf("%lld\n",(n*m)/2*2);
}